0 1005 0 408 352 4792 20 173 8 7 9
0 1006 0 404 825 8363 7 215 1 9 8
0 1011 0 71 894 3 0 60 9 5 2
0 1013 1 150 11507 1184 47 125 11 8 9
0 1017 1 524 1935 2003 3 400 16 10 7
0 1021 1 261 209 1602 67 83 28 0 8
0 1025 0 152 163 861 25 60 4 2 8
0 103 0 131 334 637 14 70 13 1 0
0 1031 1 1772 21312 2361 13 1414 3 3 9
0 1035 0 1796 225 1809 0 106 0 0 2
0 1040 1 638 7369 2831 14 624 36 10 8
0 1042 0 780 522 2974 389 306 32 4 7
0 1043 0 473 336 1256 15 175 34 8 8
0 1044 0 679 630 22866 17 473 5 10 9
0 1049 0 487 1725 3424 15 382 18 7 9
0 1050 0 1027 1862 5490 398 721 9 9 9
0 1051 0 902 1405 9892 12573 878 18 0 9
0 1054 0 318 859 3212 31 212 9 0 8
0 1056 0 120 168 1460 0 76 6 7 8
0 1057 0 601 260 442 20 149 25 10 3
0 1058 0 177 105 111 0 48 22 10 4
0 1063 0 2000 978 5208 97 599 28 1 8
0 1064 1 278 4675 508 1 117 13 7 8
0 1069 0 682 1336 7636 2394 316 8 10 9
0 1072 0 51 62 159 39 22 0 2 6
0 1073 0 214 468 1161 0 146 21 7 8
0 1078 0 139 245 125 1 104 6 0 7
0 1079 0 1045 672 1984 21 450 43 10 8
0 1080 0 348 286 679 131 158 21 0 7
0 1085 1 367 13123 5892 19 330 4 9 9
0 1086 1 259 16026 579 255 193 12 2 8
0 1087 0 360 191 220 2 177 23 1 4
0 1087 1 262 1050 376 0 256 17 9 6
0 1089 0 2640 1605 340 0 846 16 7 9
0 1089 0 908 269 1471 10 165 2 0 8
0 1092 0 149 204 366 1 73 24 0 5
0 1093 0 260 449 446 8 129 18 0 8
0 1094 0 241 260 1152 503 100 23 2 8
0 1098 0 533 1225 13625 434 408 9 8 9
0 1109 1 151 144 150 36 36 11 3 5
0 111 1 57 10688 183 0 40 0 6 0
0 1111 0 101 103 403 0 19 7 1 7
0 1114 0 353 508 906 1530 251 1 10 7
0 1124 0 568 899 1237 41 220 11 5 9
0 1124 0 955 1182 2363 12 441 5 7 9
0 1126 0 409 474 288 389 218 21 6 7
0 1127 0 175 379 1713 14 37 15 5 8
0 1128 0 151 192 1328 31 60 0 7 7
0 1128 0 478 365 2136 136 120 8 3 8
0 1136 0 187 119 164 22 60 24 3 8
0 1138 0 298 2034 9962 332 150 3 7 8
0 1140 0 596 281 1642 224 147 11 8 8
0 1142 0 274 3147 585 104 119 4 8 4
0 1143 0 1336 430 818 1 82 35 0 6
0 1147 1 887 44246 5393 116 671 4 10 8
0 1153 1 217 8050 3371 7 165 13 7 9
0 1163 0 266 251 488 470 52 7 8 8
0 1166 0 182 412 1558 183 78 21 10 7
0 1167 0 1296 181 124 185 123 6 10 8
0 1168 1 289 3733 2645 14 134 2 10 8
0 1169 0 264 529 4938 1280 186 33 10 9
0 1170 0 113 41 168 728 1 0 0 8
0 1178 0 411 616 1214 174 297 27 5 8
0 1179 0 113 302 1455 1 59 23 4 7
0 1194 1 64 4142 1578 8 58 7 0 7
0 1201 0 182 132 541 7 67 19 1 5
0 1203 0 425 1082 4134 0 167 5 10 9
0 1203 0 529 472 1612 11 367 19 0 7
0 1210 1 0 15106466 311 16 0 0 2 8
0 1216 1 21 107899 69 4 19 2 10 8
0 1222 0 444 260 751 421 84 12 5 7
0 1223 0 191 232 1542 4 136 10 2 7
0 1223 0 583 1858 7246 459 545 1 8 9
0 1225 1 554 1126 1640 2 427 37 10 9
0 1232 0 138 109 358 167 77 19 5 8
0 1232 0 211 450 2009 327 163 12 10 8
0 1235 1 956 2085 211 0 829 36 10 7
0 1236 0 107 99 485 7 61 12 1 9
0 1247 0 774 559 1773 173 153 56 10 8
0 1262 0 469 629 4221 1315 316 7 3 9
0 1268 0 244 251 1140 210 77 18 0 8
0 1269 0 258 8512 2416 0 77 18 7 7
0 1269 0 539 662 2340 57 379 15 0 9
0 1273 1 132 86369 6910 0 121 0 8 9
0 1286 0 404 17583 2537 451 202 15 7 9
0 1292 0 73 102 64 3 55 2 0 5
0 1309 0 278 137 368 1334 50 29 0 9
0 1309 0 91 89 383 0 69 14 0 9
0 1317 0 187 146 722 61 57 9 0 8
0 1317 0 578 440 976 366 175 6 0 10
0 1320 0 102 81 403 1 17 3 10 8
0 1323 0 1442 2819 1949 170 1079 1 0 7
0 1325 0 457 245 590 19 146 6 7 7
0 1329 0 608 929 1868 346 361 30 8 9
0 1332 0 132 206 312 42 68 19 0 8
0 1332 0 206 187 694 94 40 13 7 4
0 1332 1 152 273 2248 12 68 9 4 9
0 1347 0 388 522 1093 1347 238 13 10 8
0 1349 1 538 15106 4363 91 267 30 10 10
0 1355 1 1393 129798 3080 756 1366 24 8 9
0 1355 1 1949 50489 10363 7811 1148 40 10 10
0 1355 1 259 652024 1573 0 237 7 5 10
0 1355 1 401 53166 2549 190 341 29 4 9
0 1355 1 688 5163892 19467 31 686 0 8 10
0 153 0 164 114 712 4 46 16 4 0
0 172 0 330 165 72 0 144 28 5 0
0 173 0 144 109 51 0 77 31 2 0
0 173 0 237 185 179 15 108 32 1 0
0 173 0 99 90 39 0 60 21 1 0
0 176 0 704 702 469 1 604 0 4 0
0 244 1 0 5026 6 0 0 0 0 0
0 262 0 165 137 232 6 113 29 0 3
0 271 0 1747 15610 306 312 1411 3 6 4
0 313 0 86 69 216 1 23 15 1 3
0 329 0 120 91 158 26 44 10 1 3
0 370 0 197 70 699 35 47 8 5 0
0 381 1 8 2471 37 0 7 3 0 1
0 382 1 441 1734 170 0 358 14 10 3
0 399 0 20 44 18 0 3 0 5 1
0 407 0 472 14546 1439 214 176 11 10 5
0 450 0 101 83 420 1 50 15 1 5
0 488 1 117 24785 636 5 104 21 1 3
0 500 0 196 1197 65 1 73 12 0 2
0 523 0 159 143 988 0 81 0 6 3
0 524 0 649 339 1118 721 206 6 2 6
0 533 0 110 91 76 1 79 5 0 6
0 546 0 165 171 28 0 145 28 2 5
0 550 0 481 223 710 53 122 3 5 6
0 553 0 154 184 176 1 86 5 0 3
0 562 0 366 249 290 16 193 31 0 5
0 564 0 196 212 203 0 90 3 6 3
0 57 1 233 145 5 0 107 20 2 0
0 582 1 592 15134 1074 6 502 40 0 5
0 590 1 1245 871 9052 54 368 18 5 7
0 603 0 244 231 464 29 167 27 8 4
0 604 0 106 87 34 162 50 6 0 4
0 606 0 457 344 194 5 211 14 7 3
0 61 0 60 468 36 0 52 1 1 0
0 613 0 84 89 134 2 31 3 1 2
0 613 0 97 82 362 26 49 0 0 5
0 614 1 638 52887 365 1 593 15 10 5
0 615 0 1419 1346 15 0 1026 0 10 3
0 620 0 153 147 271 26 49 28 0 6
0 626 0 264 316 729 54 157 25 5 6
0 628 1 922 4171 7038 364 633 43 10 7
0 630 0 1983 2011 241 1 1598 37 0 5
0 633 0 44 58 192 2 38 7 0 5
0 635 1 2248 2081 4938 37 1681 20 10 7
0 640 0 110 92 671 0 46 13 5 6
0 645 0 1756 1206 427 0 1060 1 3 3
0 645 0 626 12949 294 0 32 10 10 5
0 647 1 380 5923 1303 1 252 15 9 6
0 648 1 435 6842 999 5 310 27 10 6
0 656 0 9 9 3 0 5 8 0 2
0 661 0 200 124 253 1 110 26 0 6
0 672 0 35 7 56 1 4 8 0 3
0 681 0 239 210 1092 5 108 3 0 6
0 682 0 72 427 16 0 59 17 0 1
0 697 0 368 640 255 12 113 33 5 5
0 701 1 233 2065 515 41 162 9 9 6
0 704 0 1005 323 119 1 266 0 0 3
0 706 0 209 210 2857 351 74 15 10 7
0 707 0 191 2675 457 205 135 6 5 4
0 715 1 89 23110 229 27 88 8 7 7
0 717 0 155 189 382 6 57 14 0 6
0 718 0 400 442 965 583 268 27 0 6
0 719 0 1008 292 636 480 84 2 6 6
0 722 0 1 121689 3961 0 0 0 2 5
0 722 0 1507 559 317 0 435 37 8 4
0 725 0 224 226 172 6 163 17 5 6
0 726 0 448 2689 718 0 241 33 10 7
0 728 0 192 186 346 30 49 26 5 5
0 729 0 398 536 1411 143 255 24 5 7
0 732 0 30 346 26 1 11 3 0 3
0 734 0 63 93 17 0 42 15 0 2
0 735 1 864 5971 896 15 832 17 4 7
0 738 0 194 214 1400 382 137 6 0 7
0 740 1 1826 880 268 9 613 21 0 6
0 742 0 163 212 107 65 132 17 2 7
0 746 0 265 11243 1358 17 134 32 0 8
0 748 0 9 11 4 0 6 2 4 1
0 751 0 1942 6328 1921 59 1753 17 7 8
0 752 0 109 436 458 24 58 8 0 5
0 754 0 284 138 353 77 121 15 0 6
0 755 0 520 11381 1099 2 229 6 9 6
0 760 0 187 2029 34 0 27 19 9 3
0 763 0 226 262 1379 9 134 8 8 7
0 768 0 120 78 698 0 36 6 0 3
0 768 1 807 16727 1434 169 695 29 0 7
0 774 1 125 9625 19346 789 116 0 7 8
0 783 0 208 413 74 14 20 5 10 6
0 784 0 373 56 92 1159 21 17 0 7
0 784 0 56 58 471 2 26 13 0 6
0 787 0 153 197 201 2 82 0 10 6
0 791 0 508 306 246 990 67 13 5 6
0 793 0 1083 1332 1317 136 399 34 10 8
0 793 0 258 227 491 32 139 16 7 6
0 795 0 312 286 1961 1 125 8 0 7
0 802 0 58 64 482 0 52 4 0 7
0 802 0 58 64 482 0 52 4 0 7
0 805 0 159 200 505 1 80 21 4 5
0 806 0 211 213 511 1 96 2 10 4
0 808 1 1187 6536 494 1 897 26 7 8
0 815 0 362 377 144 238 286 0 3 8
0 821 0 176 176 240 4 103 25 1 5
0 821 1 1996 1735 1147 855 1174 43 5 6
0 822 0 442 276 449 19 84 6 9 6
0 823 0 139 220 323 7 98 27 0 7
0 823 0 173 189 567 1 106 7 3 6
0 825 0 188 173 474 1 75 16 1 6
0 829 0 102 124 621 21 37 22 5 6
0 836 0 585 334 493 313 134 27 10 7
0 848 1 668 2216 87 217 503 36 0 7
0 849 1 1998 1752 585 0 1566 31 0 6
0 850 0 221 185 285 0 116 18 0 6
0 851 0 112 103 78 3 31 15 1 5
0 852 0 141 110 1018 4 59 8 5 6
0 853 1 317 1047 1746 18 260 20 5 8
0 853 1 529 793 16 0 364 36 0 2
0 855 1 1094 2271 3123 4262 738 31 0 8
0 855 1 1985 1821 292 0 1417 39 0 3
0 855 1 594 25570 2991 130 571 30 6 8
0 858 0 1812 2162 4095 71 1754 10 5 7
0 858 0 186 147 614 3 83 7 4 4
0 859 1 336 1157 279 104 220 23 0 8
0 860 1 1431 2227 2235 13 1183 41 9 8
0 860 1 508 1341 1319 25 326 34 0 8
0 860 1 537 30373 1083 25 138 14 10 6
0 861 0 103 83 18 0 9 4 1 2
0 862 0 160 191 2347 11 99 9 0 6
0 862 1 547 3755 1836 202 458 37 0 7
0 864 1 32 17677 805 10 22 4 6 8
0 865 0 89 116 326 14 45 7 0 5
0 867 0 257 286 816 431 142 3 0 6
0 869 1 380 21301 333 45 208 20 4 7
0 869 1 690 1867 1855 39 590 36 5 8
0 876 1 1018 4655 1657 1 396 11 10 7
0 876 1 526 1234 514 19 449 29 2 8
0 877 1 424 2559 1286 52 417 30 8 7
0 877 1 80 24924 163 60 56 0 5 7
0 878 1 363 1077 829 0 186 25 10 6
0 879 0 375 566 2177 23 258 10 8 7
0 879 0 631 814 1753 15 450 3 10 7
0 882 0 1025 1358 1928 174 517 5 9 8
0 883 1 404 6769 1446 122 213 20 7 8
0 884 0 26 72 78 7 15 9 9 7
0 886 0 156 445 647 844 114 0 10 6
0 886 0 286 271 1506 668 99 36 0 6
0 888 0 211 106 852 1461 48 7 0 2
0 890 0 11 13 5 0 6 9 0 3
0 893 0 1561 1340 30386 0 881 14 10 8
0 893 0 26 110 13 5 19 0 0 5
0 895 0 231 236 641 55 107 7 5 6
0 895 1 315 15402 1951 179 186 20 4 8
0 898 0 203 177 841 1 127 2 10 7
0 898 0 368 340 411 47 166 8 0 7
0 900 0 272 120 31 0 37 40 0 2
0 900 0 485 229 1242 39 89 6 0 8
0 901 0 481 447 2630 3086 83 5 10 8
0 904 0 614 885 1436 497 400 27 8 8
0 907 1 468 2921 2717 409 378 21 10 8
0 910 1 221 173310 3115 5 194 9 9 7
0 914 1 102 1024 440 193 88 6 5 7
0 915 1 65 39905083 722 0 65 4 0 8
0 920 0 1601 375 629 442 245 20 5 8
0 922 0 256 180 438 6 97 13 0 6
0 922 0 525 360 1035 63 163 11 5 6
0 923 0 299 422 1706 1 187 18 3 8
0 924 0 232 222 798 10 145 1 0 8
0 925 0 184 137 129 12 80 4 0 4
0 928 0 322 548 895 2303 105 14 3 8
0 930 0 222 225 234 86 88 11 3 8
0 932 0 480 292 3416 998 110 12 0 8
0 933 0 350 829 22945 358 251 6 4 8
0 933 1 258 11409 756 0 173 24 1 8
0 936 0 426 321 542 817 138 18 0 8
0 936 0 908 1378 9987 251 582 29 7 9
0 937 1 96 4160 1543 1 57 12 5 6
0 938 0 118 32 1641 81 15 6 0 7
0 938 0 615 15263 4455 28 355 29 0 8
0 939 0 105 150 161 1 37 2 2 7
0 939 0 52 38 100 3 14 2 5 5
0 940 0 222 245 1471 111 48 4 6 8
0 942 0 167 293 1462 123 70 3 6 8
0 942 0 273 439 382 11 134 37 6 8
0 942 0 772 604 331 514 244 9 7 7
0 943 0 290 396 1256 5 177 36 0 6
0 948 0 192 127 155 3 94 20 0 6
0 953 0 740 1482 2705 114 690 3 10 8
0 956 0 181 913 4569 8 136 8 9 7
0 957 0 138 165 526 14 86 11 9 6
0 961 0 118 150 319 64 63 12 0 8
0 965 1 83 105202 309 0 69 10 0 5
0 978 0 261 937 2220 12 170 4 5 7
0 987 0 230 175 110 41 148 26 0 4
0 999 0 812 856 1641 116 485 3 3 8
1 178 0 1444 225 191 0 179 3 1 0
1 20 0 1231 115 2 0 108 0 0 0
1 207 0 1651 529 2056 0 55 0 10 0
1 208 0 981 168 554 0 52 0 0 0
1 282 0 1605 156 1735 0 83 0 0 1
1 282 0 1670 163 1690 0 96 0 0 1
1 283 0 1592 170 1731 0 96 0 0 0
1 313 0 1501 174 1797 0 76 0 0 1
1 32 0 1639 295 24 0 134 0 0 0
1 32 0 1784 366 15 0 166 0 0 0
1 33 0 1793 341 18 0 181 0 0 0
1 36 0 958 51 9 0 47 1 2 0
1 370 0 1434 368 1055 4 154 4 8 4
1 388 0 231 201 432 6 126 0 0 4
1 397 0 1783 2503 8243 0 133 0 10 2
1 415 0 1534 1414 1393 0 1319 0 0 2
1 422 0 3 0 0 0 0 0 0 0
1 454 0 1506 1862 2421 0 67 0 6 2
1 53 0 313 6 0 0 4 0 2 0
1 545 0 320 52 113 1 22 15 0 3
1 554 0 608 283 191 1 200 5 8 3
1 561 0 775 135 20 0 89 0 0 0
1 637 0 233 35 86 0 6 0 0 0
1 64 0 73 861 15 0 2 0 0 0
1 658 0 927 148 14 0 65 0 0 0
1 665 0 397 43 310 2 18 4 0 3
1 740 0 366 19 24 0 1 17 0 1
1 80 0 1770 938 149 0 224 0 0 0
1 819 0 931 233 165 0 90 0 4 1
1 178 0 1444 225 191 0 179 3 1 0
1 20 0 1231 115 2 0 108 0 0 0
1 207 0 1651 529 2056 0 55 0 10 0
1 208 0 981 168 554 0 52 0 0 0
1 282 0 1605 156 1735 0 83 0 0 1
1 282 0 1670 163 1690 0 96 0 0 1
1 283 0 1592 170 1731 0 96 0 0 0
1 313 0 1501 174 1797 0 76 0 0 1
1 32 0 1639 295 24 0 134 0 0 0
1 32 0 1784 366 15 0 166 0 0 0
1 33 0 1793 341 18 0 181 0 0 0
1 36 0 958 51 9 0 47 1 2 0
1 370 0 1434 368 1055 4 154 4 8 4
1 388 0 231 201 432 6 126 0 0 4
1 397 0 1783 2503 8243 0 133 0 10 2
1 415 0 1534 1414 1393 0 1319 0 0 2
1 422 0 3 0 0 0 0 0 0 0
1 454 0 1506 1862 2421 0 67 0 6 2
1 53 0 313 6 0 0 4 0 2 0
1 545 0 320 52 113 1 22 15 0 3
1 554 0 608 283 191 1 200 5 8 3
1 561 0 775 135 20 0 89 0 0 0
1 637 0 233 35 86 0 6 0 0 0
1 64 0 73 861 15 0 2 0 0 0
1 658 0 927 148 14 0 65 0 0 0
1 665 0 397 43 310 2 18 4 0 3
1 740 0 366 19 24 0 1 17 0 1
1 80 0 1770 938 149 0 224 0 0 0
1 819 0 931 233 165 0 90 0 4 1
1 178 0 1444 225 191 0 179 3 1 0
1 20 0 1231 115 2 0 108 0 0 0
1 207 0 1651 529 2056 0 55 0 10 0
1 208 0 981 168 554 0 52 0 0 0
1 282 0 1605 156 1735 0 83 0 0 1
1 282 0 1670 163 1690 0 96 0 0 1
1 283 0 1592 170 1731 0 96 0 0 0
1 313 0 1501 174 1797 0 76 0 0 1
1 32 0 1639 295 24 0 134 0 0 0
1 32 0 1784 366 15 0 166 0 0 0
1 33 0 1793 341 18 0 181 0 0 0
1 36 0 958 51 9 0 47 1 2 0
1 370 0 1434 368 1055 4 154 4 8 4
1 388 0 231 201 432 6 126 0 0 4
1 397 0 1783 2503 8243 0 133 0 10 2
1 415 0 1534 1414 1393 0 1319 0 0 2
1 422 0 3 0 0 0 0 0 0 0
1 454 0 1506 1862 2421 0 67 0 6 2
1 53 0 313 6 0 0 4 0 2 0
1 545 0 320 52 113 1 22 15 0 3
1 554 0 608 283 191 1 200 5 8 3
1 561 0 775 135 20 0 89 0 0 0
1 637 0 233 35 86 0 6 0 0 0
1 64 0 73 861 15 0 2 0 0 0
1 658 0 927 148 14 0 65 0 0 0
1 665 0 397 43 310 2 18 4 0 3
1 740 0 366 19 24 0 1 17 0 1
1 80 0 1770 938 149 0 224 0 0 0
1 819 0 931 233 165 0 90 0 4 1
1 178 0 1444 225 191 0 179 3 1 0
1 20 0 1231 115 2 0 108 0 0 0
1 207 0 1651 529 2056 0 55 0 10 0
1 208 0 981 168 554 0 52 0 0 0
1 282 0 1605 156 1735 0 83 0 0 1
1 282 0 1670 163 1690 0 96 0 0 1
1 283 0 1592 170 1731 0 96 0 0 0
1 313 0 1501 174 1797 0 76 0 0 1
1 32 0 1639 295 24 0 134 0 0 0
1 32 0 1784 366 15 0 166 0 0 0
1 33 0 1793 341 18 0 181 0 0 0
1 36 0 958 51 9 0 47 1 2 0
1 370 0 1434 368 1055 4 154 4 8 4
1 388 0 231 201 432 6 126 0 0 4
1 397 0 1783 2503 8243 0 133 0 10 2
1 415 0 1534 1414 1393 0 1319 0 0 2
1 422 0 3 0 0 0 0 0 0 0
1 454 0 1506 1862 2421 0 67 0 6 2
1 53 0 313 6 0 0 4 0 2 0
1 545 0 320 52 113 1 22 15 0 3
1 554 0 608 283 191 1 200 5 8 3
1 561 0 775 135 20 0 89 0 0 0
1 637 0 233 35 86 0 6 0 0 0
1 64 0 73 861 15 0 2 0 0 0
1 658 0 927 148 14 0 65 0 0 0
1 665 0 397 43 310 2 18 4 0 3
1 740 0 366 19 24 0 1 17 0 1
1 80 0 1770 938 149 0 224 0 0 0
1 819 0 931 233 165 0 90 0 4 1
1 178 0 1444 225 191 0 179 3 1 0
1 20 0 1231 115 2 0 108 0 0 0
1 207 0 1651 529 2056 0 55 0 10 0
1 208 0 981 168 554 0 52 0 0 0
1 282 0 1605 156 1735 0 83 0 0 1
1 282 0 1670 163 1690 0 96 0 0 1
1 283 0 1592 170 1731 0 96 0 0 0
1 313 0 1501 174 1797 0 76 0 0 1
1 32 0 1639 295 24 0 134 0 0 0
1 32 0 1784 366 15 0 166 0 0 0
1 33 0 1793 341 18 0 181 0 0 0
1 36 0 958 51 9 0 47 1 2 0
1 370 0 1434 368 1055 4 154 4 8 4
1 388 0 231 201 432 6 126 0 0 4
1 397 0 1783 2503 8243 0 133 0 10 2
1 415 0 1534 1414 1393 0 1319 0 0 2
1 422 0 3 0 0 0 0 0 0 0
1 454 0 1506 1862 2421 0 67 0 6 2
1 53 0 313 6 0 0 4 0 2 0
1 545 0 320 52 113 1 22 15 0 3
1 554 0 608 283 191 1 200 5 8 3
1 561 0 775 135 20 0 89 0 0 0
1 637 0 233 35 86 0 6 0 0 0
1 64 0 73 861 15 0 2 0 0 0
1 658 0 927 148 14 0 65 0 0 0
1 665 0 397 43 310 2 18 4 0 3
1 740 0 366 19 24 0 1 17 0 1
1 80 0 1770 938 149 0 224 0 0 0
1 819 0 931 233 165 0 90 0 4 1
1 178 0 1444 225 191 0 179 3 1 0
1 20 0 1231 115 2 0 108 0 0 0
1 207 0 1651 529 2056 0 55 0 10 0
1 208 0 981 168 554 0 52 0 0 0
1 282 0 1605 156 1735 0 83 0 0 1
1 282 0 1670 163 1690 0 96 0 0 1
1 283 0 1592 170 1731 0 96 0 0 0
1 313 0 1501 174 1797 0 76 0 0 1
1 32 0 1639 295 24 0 134 0 0 0
1 32 0 1784 366 15 0 166 0 0 0
1 33 0 1793 341 18 0 181 0 0 0
1 36 0 958 51 9 0 47 1 2 0
1 370 0 1434 368 1055 4 154 4 8 4
1 388 0 231 201 432 6 126 0 0 4
1 397 0 1783 2503 8243 0 133 0 10 2
1 415 0 1534 1414 1393 0 1319 0 0 2
1 422 0 3 0 0 0 0 0 0 0
1 454 0 1506 1862 2421 0 67 0 6 2
1 53 0 313 6 0 0 4 0 2 0
1 545 0 320 52 113 1 22 15 0 3
1 554 0 608 283 191 1 200 5 8 3
1 561 0 775 135 20 0 89 0 0 0
1 637 0 233 35 86 0 6 0 0 0
1 64 0 73 861 15 0 2 0 0 0
1 658 0 927 148 14 0 65 0 0 0
1 665 0 397 43 310 2 18 4 0 3
1 740 0 366 19 24 0 1 17 0 1
1 80 0 1770 938 149 0 224 0 0 0
1 819 0 931 233 165 0 90 0 4 1
1 178 0 1444 225 191 0 179 3 1 0
1 20 0 1231 115 2 0 108 0 0 0
1 207 0 1651 529 2056 0 55 0 10 0
1 208 0 981 168 554 0 52 0 0 0
1 282 0 1605 156 1735 0 83 0 0 1
1 282 0 1670 163 1690 0 96 0 0 1
1 283 0 1592 170 1731 0 96 0 0 0
1 313 0 1501 174 1797 0 76 0 0 1
1 32 0 1639 295 24 0 134 0 0 0
1 32 0 1784 366 15 0 166 0 0 0
1 33 0 1793 341 18 0 181 0 0 0
1 36 0 958 51 9 0 47 1 2 0
1 370 0 1434 368 1055 4 154 4 8 4
1 388 0 231 201 432 6 126 0 0 4
1 397 0 1783 2503 8243 0 133 0 10 2
1 415 0 1534 1414 1393 0 1319 0 0 2
1 422 0 3 0 0 0 0 0 0 0
1 454 0 1506 1862 2421 0 67 0 6 2
1 53 0 313 6 0 0 4 0 2 0
1 545 0 320 52 113 1 22 15 0 3
1 554 0 608 283 191 1 200 5 8 3
1 561 0 775 135 20 0 89 0 0 0
1 637 0 233 35 86 0 6 0 0 0
1 64 0 73 861 15 0 2 0 0 0
1 658 0 927 148 14 0 65 0 0 0
1 665 0 397 43 310 2 18 4 0 3
1 740 0 366 19 24 0 1 17 0 1
1 80 0 1770 938 149 0 224 0 0 0
1 819 0 931 233 165 0 90 0 4 1
1 178 0 1444 225 191 0 179 3 1 0
1 20 0 1231 115 2 0 108 0 0 0
1 207 0 1651 529 2056 0 55 0 10 0
1 208 0 981 168 554 0 52 0 0 0
1 282 0 1605 156 1735 0 83 0 0 1
1 282 0 1670 163 1690 0 96 0 0 1
1 283 0 1592 170 1731 0 96 0 0 0
1 313 0 1501 174 1797 0 76 0 0 1
1 32 0 1639 295 24 0 134 0 0 0
1 32 0 1784 366 15 0 166 0 0 0
1 33 0 1793 341 18 0 181 0 0 0
1 36 0 958 51 9 0 47 1 2 0
1 370 0 1434 368 1055 4 154 4 8 4
1 388 0 231 201 432 6 126 0 0 4
1 397 0 1783 2503 8243 0 133 0 10 2
1 415 0 1534 1414 1393 0 1319 0 0 2
1 422 0 3 0 0 0 0 0 0 0
1 454 0 1506 1862 2421 0 67 0 6 2
1 53 0 313 6 0 0 4 0 2 0
1 545 0 320 52 113 1 22 15 0 3
1 554 0 608 283 191 1 200 5 8 3
1 561 0 775 135 20 0 89 0 0 0
1 637 0 233 35 86 0 6 0 0 0
1 64 0 73 861 15 0 2 0 0 0
1 658 0 927 148 14 0 65 0 0 0
1 665 0 397 43 310 2 18 4 0 3
1 740 0 366 19 24 0 1 17 0 1
1 80 0 1770 938 149 0 224 0 0 0
1 819 0 931 233 165 0 90 0 4 1
1 178 0 1444 225 191 0 179 3 1 0
1 20 0 1231 115 2 0 108 0 0 0
1 207 0 1651 529 2056 0 55 0 10 0
1 208 0 981 168 554 0 52 0 0 0
1 282 0 1605 156 1735 0 83 0 0 1
1 282 0 1670 163 1690 0 96 0 0 1
1 283 0 1592 170 1731 0 96 0 0 0
1 313 0 1501 174 1797 0 76 0 0 1
1 32 0 1639 295 24 0 134 0 0 0
1 32 0 1784 366 15 0 166 0 0 0
1 33 0 1793 341 18 0 181 0 0 0
1 36 0 958 51 9 0 47 1 2 0
1 370 0 1434 368 1055 4 154 4 8 4
1 388 0 231 201 432 6 126 0 0 4
1 397 0 1783 2503 8243 0 133 0 10 2
1 415 0 1534 1414 1393 0 1319 0 0 2
1 422 0 3 0 0 0 0 0 0 0
1 454 0 1506 1862 2421 0 67 0 6 2
1 53 0 313 6 0 0 4 0 2 0
1 545 0 320 52 113 1 22 15 0 3
1 554 0 608 283 191 1 200 5 8 3
1 561 0 775 135 20 0 89 0 0 0
1 637 0 233 35 86 0 6 0 0 0
1 64 0 73 861 15 0 2 0 0 0
1 658 0 927 148 14 0 65 0 0 0
1 665 0 397 43 310 2 18 4 0 3
1 740 0 366 19 24 0 1 17 0 1
1 80 0 1770 938 149 0 224 0 0 0
1 819 0 931 233 165 0 90 0 4 1
1 178 0 1444 225 191 0 179 3 1 0
1 20 0 1231 115 2 0 108 0 0 0
1 207 0 1651 529 2056 0 55 0 10 0
1 208 0 981 168 554 0 52 0 0 0
1 282 0 1605 156 1735 0 83 0 0 1
1 282 0 1670 163 1690 0 96 0 0 1
1 283 0 1592 170 1731 0 96 0 0 0
1 313 0 1501 174 1797 0 76 0 0 1
1 32 0 1639 295 24 0 134 0 0 0
1 32 0 1784 366 15 0 166 0 0 0
1 33 0 1793 341 18 0 181 0 0 0
1 36 0 958 51 9 0 47 1 2 0
1 370 0 1434 368 1055 4 154 4 8 4
1 388 0 231 201 432 6 126 0 0 4
1 397 0 1783 2503 8243 0 133 0 10 2
1 415 0 1534 1414 1393 0 1319 0 0 2
1 422 0 3 0 0 0 0 0 0 0
1 454 0 1506 1862 2421 0 67 0 6 2
1 53 0 313 6 0 0 4 0 2 0
1 545 0 320 52 113 1 22 15 0 3
1 554 0 608 283 191 1 200 5 8 3
1 561 0 775 135 20 0 89 0 0 0
1 637 0 233 35 86 0 6 0 0 0
1 64 0 73 861 15 0 2 0 0 0
1 658 0 927 148 14 0 65 0 0 0
1 665 0 397 43 310 2 18 4 0 3
1 740 0 366 19 24 0 1 17 0 1
1 80 0 1770 938 149 0 224 0 0 0
1 819 0 931 233 165 0 90 0 4 1
1 178 0 1444 225 191 0 179 3 1 0
1 20 0 1231 115 2 0 108 0 0 0
1 207 0 1651 529 2056 0 55 0 10 0
1 208 0 981 168 554 0 52 0 0 0
1 282 0 1605 156 1735 0 83 0 0 1
1 282 0 1670 163 1690 0 96 0 0 1
1 283 0 1592 170 1731 0 96 0 0 0
1 313 0 1501 174 1797 0 76 0 0 1
1 32 0 1639 295 24 0 134 0 0 0
1 32 0 1784 366 15 0 166 0 0 0
1 33 0 1793 341 18 0 181 0 0 0
1 36 0 958 51 9 0 47 1 2 0
1 370 0 1434 368 1055 4 154 4 8 4
1 388 0 231 201 432 6 126 0 0 4
